4294967294,0
3667,6
3671,4
4294967278,45
4294967278,44
4294967278,39
4294967279,40
4294967279,35
3649,4
3645,5
4294967294,30
4294967294,115
4294967294,51
4294967294,387
4294967294,165
4294967294,167
4294967294,104
4294967294,1181
4294967279,197
4294967294,1163
4294967294,1160
4294967294,1159
4294967294,1155
4294967294,1082
4294967294,173
4294967278,195
4294967279,196
4294967294,12
4294967294,27
4294967294,82
4294967294,92
4294967294,88
4294967294,42
4294967294,99
4294967294,43
4294967294,1173
4294967294,106
4294967294,166
4294967294,24
4294967294,188
4294967294,1248
3667,5
3671,5
3649,5
4294967278,129
4294967278,127
4294967278,123
4294967278,122
4294967278,117
4294967278,112
4294967278,107
4294967278,85
4294967278,64
4294967279,81
4294967279,0
4294967279,54
4294967279,49
4294967279,44
4294967279,34
4294967279,29
4294967279,20
4294967279,15
4294967279,9
4294967279,7
4294967279,4
4294967294,7
3645,4
4294967278,192
0,5
4294967294,580
4294967294,579
4294967294,6
4294967294,25
4294967294,5
4294967294,17
4294967294,67
4294967294,76
4294967294,41
4294967294,52
4294967294,26
4294967294,83
4294967293,131
4294967293,130
4294967293,129
4294967293,128
4294967293,127
4294967293,126
4294967293,125
4294967293,124
4294967293,123
4294967293,122
4294967293,121
4294967293,120
4294967293,119
4294967293,118
4294967293,117
4294967293,116
4294967293,115
4294967293,114
4294967293,113
4294967293,112
4294967293,111
4294967293,110
4294967293,109
4294967293,108
4294967293,107
4294967293,106
4294967293,105
4294967293,104
4294967293,103
4294967293,102
4294967293,101
4294967293,100
4294967293,99
4294967293,98
4294967293,97
4294967293,96
4294967293,95
4294967293,94
4294967293,93
4294967293,92
4294967293,91
4294967293,90
4294967293,89
4294967293,87
4294967293,86
4294967293,85
4294967293,84
4294967293,83
4294967293,82
4294967293,81
4294967293,80
4294967293,79
4294967293,78
4294967293,77
4294967293,76
4294967293,75
4294967293,74
4294967293,73
4294967293,72
4294967293,71
4294967293,70
4294967293,69
4294967293,68
4294967293,67
4294967293,66
4294967293,65
4294967293,64
4294967293,63
4294967293,62
4294967293,61
4294967293,60
4294967293,59
4294967293,58
4294967293,57
4294967293,56
4294967293,55
4294967293,54
4294967293,53
4294967293,52
4294967293,51
4294967293,50
4294967293,49
4294967293,48
4294967293,47
4294967293,46
4294967293,45
4294967293,44
4294967293,43
4294967293,42
4294967293,41
4294967293,40
4294967293,39
4294967293,38
4294967293,37
4294967293,36
4294967293,35
4294967293,34
4294967293,33
4294967293,32
4294967293,31
4294967293,30
4294967293,29
4294967293,28
4294967293,27
4294967293,26
4294967293,25
4294967293,24
4294967293,23
4294967293,22
4294967293,21
4294967293,20
4294967293,19
4294967293,18
4294967293,17
4294967293,16
4294967293,15
4294967293,14
4294967293,13
4294967293,12
4294967293,11
4294967293,10
4294967293,9
4294967293,8
4294967293,7
4294967293,6
4294967293,5
4294967293,4
4294967293,3
4294967278,247
4294967278,302
4294967278,116
4294967278,301
4294967278,115
4294967278,346
4294967278,114
4294967278,338
4294967278,108
4294967278,298
4294967278,102
4294967278,293
4294967278,97
4294967278,436
4294967278,92
4294967278,239
4294967278,86
4294967278,431
4294967278,430
4294967278,354
4294967278,80
4294967278,402
4294967278,75
4294967278,70
4294967278,435
4294967278,341
4294967278,65
4294967278,434
4294967278,425
4294967278,433
4294967278,50
4294967278,49
4294967278,47
4294967278,43
4294967278,42
4294967278,40
4294967278,432
4294967278,424
4294967278,423
4294967278,422
4294967278,88
4294967279,468
4294967279,467
4294967279,102
4294967279,91
4294967279,90
4294967279,89
4294967279,87
4294967279,85
4294967279,84
4294967279,466
4294967279,82
4294967279,465
4294967279,80
4294967279,79
4294967279,78
4294967279,65
4294967279,464
4294967279,471
4294967279,51
4294967279,50
4294967279,48
4294967279,47
4294967279,463
4294967279,43
4294967279,41
4294967279,470
4294967279,39
4294967279,38
4294967279,37
4294967279,36
4294967279,33
4294967279,32
4294967279,31
4294967279,30
4294967279,461
4294967279,28
4294967279,27
4294967279,26
4294967279,469
4294967279,25
4294967279,24
4294967279,23
4294967279,22
4294967279,21
4294967279,19
4294967279,18
4294967279,17
4294967279,16
4294967279,459
4294967279,14
4294967279,13
4294967279,88
4294967279,2
4294967278,428
4294967294,577
4294967294,593
4294967294,599
4294967294,600
4294967294,591
4294967294,595
4294967294,413
4294967294,434
4294967294,213
4294967294,1595
4294967294,1000
4294967294,999
4294967294,997
4294967294,996
4294967294,995
4294967294,994
4294967294,991
4294967294,990
4294967294,989
4294967294,988
4294967294,987
4294967294,986
4294967294,984
4294967294,983
4294967294,982
4294967294,981
4294967294,980
4294967294,975
4294967294,973
4294967294,972
4294967294,1087
4294967294,971
4294967294,967
4294967294,966
4294967294,964
4294967294,961
4294967294,958
4294967294,955
4294967294,731
4294967294,953
4294967294,950
4294967294,949
4294967294,947
4294967294,946
4294967294,945
4294967294,944
4294967294,942
4294967294,941
4294967294,940
4294967294,938
4294967294,937
4294967294,934
4294967294,933
4294967294,931
4294967294,930
4294967294,927
4294967294,926
4294967294,924
4294967294,923
4294967294,922
4294967294,921
4294967294,919
4294967294,916
4294967294,728
4294967294,910
4294967294,1027
4294967294,906
4294967294,904
4294967294,901
4294967294,896
4294967294,592
4294967294,895
4294967294,894
4294967294,893
4294967294,891
4294967294,890
4294967294,886
4294967294,884
4294967294,882
4294967294,881
4294967294,879
4294967294,877
4294967294,876
4294967294,872
4294967294,867
4294967294,866
4294967294,861
4294967294,860
4294967294,196
4294967294,859
4294967294,858
4294967294,857
4294967294,855
4294967294,854
4294967294,853
4294967294,851
4294967294,850
4294967294,849
4294967294,848
4294967294,847
4294967294,725
4294967294,846
4294967294,723
4294967294,844
4294967294,843
4294967294,842
4294967294,841
4294967294,840
4294967294,839
4294967294,194
4294967294,837
4294967294,835
4294967294,834
4294967294,833
4294967294,832
4294967294,831
4294967294,830
4294967294,829
4294967294,828
4294967294,825
4294967294,824
4294967294,823
4294967294,822
4294967294,821
4294967294,820
4294967294,816
4294967294,815
4294967294,813
4294967294,812
4294967294,811
4294967294,810
4294967294,809
4294967294,806
4294967294,805
4294967294,716
4294967294,802
4294967294,801
4294967294,800
4294967294,799
4294967294,798
4294967294,797
4294967294,794
4294967294,791
4294967294,788
4294967294,787
4294967294,785
4294967294,783
4294967294,782
4294967294,779
4294967294,773
4294967294,771
4294967294,770
4294967294,714
4294967294,769
4294967294,768
4294967294,702
4294967294,696
4294967294,713
4294967294,693
4294967294,691
4294967294,690
4294967294,688
4294967294,687
4294967294,686
4294967294,685
4294967294,682
4294967294,678
4294967294,671
4294967294,669
4294967294,707
4294967294,667
4294967294,663
4294967294,660
4294967294,657
4294967294,655
4294967294,727
4294967294,652
4294967294,651
4294967294,648
4294967294,1580
4294967294,646
4294967294,644
4294967294,642
4294967294,641
4294967294,638
4294967294,635
4294967294,634
4294967294,628
4294967294,627
4294967294,625
4294967294,630
4294967294,617
4294967294,616
4294967294,629
4294967294,615
4294967294,720
4294967294,614
4294967294,1464
4294967294,613
4294967294,612
4294967294,719
4294967294,611
4294967294,710
4294967294,712
4294967294,610
4294967294,732
4294967294,609
4294967294,608
4294967294,607
4294967294,730
4294967294,606
4294967294,726
4294967294,717
4294967294,709
4294967294,729
4294967294,704
4294967294,605
4294967294,718
4294967294,878
4294967294,706
4294967294,70
4294967294,724
4294967294,72
4294967294,875
4294967294,715
4294967294,71
1,3
1,0
4294967294,204
4294967294,585
4294967294,1072
4294967294,209
4294967294,425
4294967294,206
4294967294,1422
4294967294,742
4294967294,1048
4294967294,1024
4294967294,1457
4294967294,1414
4294967294,1456
4294967294,1274
4294967294,1462
4294967294,1253
4294967294,1050
4294967294,428
4294967294,1224
4294967294,205
4294967294,1223
4294967294,1221
4294967294,1257
4294967294,1052
4294967294,203
4294967294,1417
4294967294,1435
4294967294,469
4294967294,1438
4294967294,1218
4294967294,201
4294967294,1670
4294967294,1217
4294967294,1216
4294967294,764
4294967294,1583
4294967294,1665
4294967294,202
4294967294,1272
4294967294,1434
4294967294,426
4294967294,1671
4294967294,1416
4294967294,198
4294967294,1271
4294967294,1043
4294967294,421
4294967294,337
4294967294,336
4294967294,335
4294967294,334
4294967294,333
4294967294,331
4294967294,332
4294967294,330
4294967294,329
4294967294,328
4294967294,327
4294967294,326
4294967294,325
4294967294,324
4294967294,323
4294967294,322
4294967294,321
4294967294,320
4294967294,575
4294967294,574
4294967294,573
4294967294,572
4294967294,570
4294967294,571
4294967294,569
4294967294,568
4294967294,567
4294967294,566
4294967294,565
4294967294,564
4294967294,563
4294967294,562
4294967294,561
4294967294,560
4294967294,1270
4294967294,1261
4294967294,589
4294967294,1426
4294967294,1273
4294967294,1259
4294967294,1177
4294967294,1176
4294967294,1175
4294967294,1174
4294967294,31
4294967294,1537
4294967294,1543
4294967294,1035
4294967294,1554
4294967294,1036
4294967294,1267
4294967294,1054
4294967294,1053
4294967294,1045
4294967294,1544
4294967294,598
4294967294,1038
4294967294,485
4294967279,440
4294967279,344
4294967279,437
4294967278,407
4294967279,431
4294967279,319
4294967279,407
4294967278,351
4294967279,460
4294967279,418
4294967279,300
4294967279,364
4294967279,241
4294967279,446
4294967279,504
4294967279,77
4294967278,345
4294967279,506
4294967279,299
4294967279,361
4294967279,423
4294967279,419
4294967278,418
4294967294,1667
4294967294,1724
4294967278,397
4294967279,432
4294967279,425
4294967278,371
4294967279,381
4294967279,380
4294967279,375
4294967278,275
4294967279,505
4294967278,352
4294967279,311
4294967278,295
4294967278,291
4294967279,394
4294967278,215
4294967279,306
4294967279,438
4294967278,288
4294967279,302
4294967279,455
4294967279,454
4294967278,413
4294967278,409
4294967279,453
4294967278,412
4294967278,411
4294967279,282
4294967278,331
4294967279,392
4294967278,369
4294967278,366
4294967278,284
4294967279,391
4294967279,333
4294967279,411
4294967279,301
4294967279,421
4294967279,417
4294967278,405
4294967279,385
4294967279,444
4294967278,365
4294967294,1056
4294967294,744
